Directory: ../tests/t__first/
 x0 0000 0000 0000 0000 0000 0000 0000 0000 	
 x1 0000 0000 0000 0000 0000 0000 0000 0100 	
 x2 1111 1111 1111 1111 1111 1111 1111 1111 	
 x3 1111 1111 1111 1111 1111 1111 1111 1111 	
 x4 1111 1111 1111 1111 1111 1111 1111 1111 	
 x5 1111 1111 1111 1111 1111 1111 1111 1111 	
 x6 1111 1111 1111 1111 1111 1111 1111 1111 	
 x7 1111 1111 1111 1111 1111 1111 1111 1111 	
 x8 1111 1111 1111 1111 1111 1111 1111 1111 	
 x9 1111 1111 1111 1111 1111 1111 1111 1111 	
x10 1111 1111 1111 1111 1111 1111 1111 1111 	
x11 1111 1111 1111 1111 1111 1111 1111 1111 	
x12 1111 1111 1111 1111 1111 1111 1111 1111 	
x13 1111 1111 1111 1111 1111 1111 1111 1111 	
x14 0000 0000 0000 0000 0001 0000 0010 0000 	
x15 0110 1100 0110 1100 0110 0101 0100 1001 	
x16 1111 1111 1111 1111 1111 1111 1111 1111 	
x17 1111 1111 1111 1111 1111 1111 1111 1111 	
x18 1111 1111 1111 1111 1111 1111 1111 1111 	
x19 1111 1111 1111 1111 1111 1111 1111 1111 	
x20 1111 1111 1111 1111 1111 1111 1111 1111 	
x21 1111 1111 1111 1111 1111 1111 1111 1111 	
x22 1111 1111 1111 1111 1111 1111 1111 1111 	
x23 1111 1111 1111 1111 1111 1111 1111 1111 	
x24 1111 1111 1111 1111 1111 1111 1111 1111 	
x25 1111 1111 1111 1111 1111 1111 1111 1111 	
x26 1111 1111 1111 1111 1111 1111 1111 1111 	
x27 1111 1111 1111 1111 1111 1111 1111 1111 	
x28 1111 1111 1111 1111 1111 1111 1111 1111 	
x29 1111 1111 1111 1111 1111 1111 1111 1111 	
x30 1111 1111 1111 1111 1111 1111 1111 1111 	
x31 1111 1111 1111 1111 1111 1111 1111 1111 	
 PC 0000 0000 0000 0000 0000 0000 0011 0100 	

