Directory: ../tests/t_ADDI/ADDI_set1/
 x0 0000 0000 0000 0000 0000 0000 0000 0000 	
 x1 0000 0000 0000 0000 0000 0000 0000 0001 	
 x2 0000 0000 0000 0000 0000 0000 0000 0010 	
 x3 0000 0000 0000 0000 0000 0111 1111 1111 	
 x4 0000 0000 0000 0000 0000 1000 0000 0000 	
 x5 0000 0000 0000 0000 0000 0000 0000 0000 	
 x6 1111 1111 1111 1111 1111 1000 0000 0010 	
 x7 1111 1111 1111 1111 1111 1000 0000 0001 	
 x8 0000 0000 0000 0000 0000 0111 1111 1110 	
 x9 0000 0000 0000 0000 0000 0111 1111 1111 	
x10 0000 0000 0000 0000 0000 1111 1111 1100 	
x11 0000 0000 0000 0000 0000 1111 1111 1101 	
x12 0000 0000 0000 0000 0000 0111 1111 1101 	
x13 1111 1111 1111 1111 1111 1111 1111 1111 	
x14 1111 1111 1111 1111 1111 1111 1111 1110 	
x15 0000 0000 0000 0000 0000 0111 1111 1111 	
x16 0000 0000 0000 0000 0000 1000 0000 0000 	
x17 0000 0000 0000 0000 0000 1111 1111 1101 	
x18 0000 0000 0000 0000 0000 1111 1111 1110 	
x19 0000 0000 0000 0000 0000 0111 1111 1110 	
x20 0000 0000 0000 0000 0000 0000 0000 0000 	
x21 1111 1111 1111 1111 1111 1111 1111 1111 	
x22 1111 1111 1111 1111 1111 1111 1111 1111 	
x23 1111 1111 1111 1111 1111 1111 1111 1111 	
x24 1111 1111 1111 1111 1111 1111 1111 1111 	
x25 1111 1111 1111 1111 1111 1111 1111 1111 	
x26 1111 1111 1111 1111 1111 1111 1111 1111 	
x27 1111 1111 1111 1111 1111 1111 1111 1111 	
x28 1111 1111 1111 1111 1111 1111 1111 1111 	
x29 1111 1111 1111 1111 1111 1111 1111 1111 	
x30 1111 1111 1111 1111 1111 1111 1111 1111 	
x31 1111 1111 1111 1111 1111 1111 1111 1111 	
 PC 0000 0000 0000 0000 0000 0000 0101 0100 	

