Directory: ../tests/t_SLTU/SLTU_reverse/
 x0 0000 0000 0000 0000 0000 0000 0000 0000 	
 x1 1111 1111 1111 1111 1111 1000 0000 0000 	
 x2 0000 0000 0000 0000 0000 0000 0000 0000 	
 x3 0000 0000 0000 0000 0000 0000 0000 0001 	
 x4 0000 0000 0000 0000 0000 0000 0000 0000 	
 x5 0000 0000 0000 0000 0000 0000 0000 0001 	
 x6 0000 0000 0000 0000 0000 0000 0000 0000 	
 x7 0000 0000 0000 0000 0000 0000 0000 0001 	
 x8 0000 0000 0000 0000 0000 0111 1111 1110 	
 x9 0000 0000 0000 0000 0000 0000 0000 0000 	
x10 0000 0000 0000 0000 0000 0111 1111 1110 	
x11 0000 0000 0000 0000 0000 0111 1111 1111 	
x12 0000 0000 0000 0000 0000 0000 0000 0000 	
x13 0000 0000 0000 0000 0000 0111 1111 1111 	
x14 1111 1111 1111 1111 1111 1111 1111 1111 	
x15 0000 0000 0000 0000 0000 0000 0000 0000 	
x16 1111 1111 1111 1111 1111 1111 1111 1111 	
x17 1111 1111 1111 1111 1111 1000 0000 0001 	
x18 0000 0000 0000 0000 0000 0000 0000 0001 	
x19 1111 1111 1111 1111 1111 1000 0000 0001 	
x20 1111 1111 1111 1111 1111 1000 0000 0000 	
x21 0000 0000 0000 0000 0000 0000 0000 0001 	
x22 1111 1111 1111 1111 1111 1111 1111 1111 	
x23 1111 1111 1111 1111 1111 1111 1111 1111 	
x24 1111 1111 1111 1111 1111 1111 1111 1111 	
x25 1111 1111 1111 1111 1111 1111 1111 1111 	
x26 1111 1111 1111 1111 1111 1111 1111 1111 	
x27 1111 1111 1111 1111 1111 1111 1111 1111 	
x28 1111 1111 1111 1111 1111 1111 1111 1111 	
x29 1111 1111 1111 1111 1111 1111 1111 1111 	
x30 1111 1111 1111 1111 1111 1111 1111 1111 	
x31 1111 1111 1111 1111 1111 1111 1111 1111 	
 PC 0000 0000 0000 0000 0000 0000 0101 0100 	

