Directory: ../tests/t_ADDI/ADDI_set2/
 x0 0000 0000 0000 0000 0000 0000 0000 0000 	
 x1 1111 1111 1111 1111 1111 1111 1111 1111 	
 x2 0000 0000 0000 0000 0000 0000 0000 0000 	
 x3 0000 0000 0000 0000 0000 0111 1111 1101 	
 x4 0000 0000 0000 0000 0000 0111 1111 1110 	
 x5 1111 1111 1111 1111 1111 1111 1111 1110 	
 x6 1111 1111 1111 1111 1111 1000 0000 0000 	
 x7 1111 1111 1111 1111 1111 0111 1111 1111 	
 x8 1111 1111 1111 1111 1111 1000 0000 0001 	
 x9 1111 1111 1111 1111 1111 1000 0000 0010 	
x10 1111 1111 1111 1111 1111 1111 1111 1111 	
x11 0000 0000 0000 0000 0000 0000 0000 0000 	
x12 1111 1111 1111 1111 1111 1000 0000 0000 	
x13 1111 1111 1111 1111 1111 0000 0000 0010 	
x14 1111 1111 1111 1111 1111 0000 0000 0001 	
x15 1111 1111 1111 1111 1111 1000 0000 0000 	
x16 1111 1111 1111 1111 1111 1000 0000 0001 	
x17 1111 1111 1111 1111 1111 1111 1111 1110 	
x18 1111 1111 1111 1111 1111 1111 1111 1111 	
x19 1111 1111 1111 1111 1111 0111 1111 1111 	
x20 1111 1111 1111 1111 1111 0000 0000 0001 	
x21 1111 1111 1111 1111 1111 0000 0000 0000 	
x22 1111 1111 1111 1111 1111 1111 1111 1111 	
x23 1111 1111 1111 1111 1111 1111 1111 1111 	
x24 1111 1111 1111 1111 1111 1111 1111 1111 	
x25 1111 1111 1111 1111 1111 1111 1111 1111 	
x26 1111 1111 1111 1111 1111 1111 1111 1111 	
x27 1111 1111 1111 1111 1111 1111 1111 1111 	
x28 1111 1111 1111 1111 1111 1111 1111 1111 	
x29 1111 1111 1111 1111 1111 1111 1111 1111 	
x30 1111 1111 1111 1111 1111 1111 1111 1111 	
x31 1111 1111 1111 1111 1111 1111 1111 1111 	
 PC 0000 0000 0000 0000 0000 0000 0101 0100 	

