Directory: ../tests/t_ADDI/ADDI_unset/
 x0 0000 0000 0000 0000 0000 0000 0000 0000 	
 x1 0000 0000 0000 0000 0000 0000 0000 0000 	
 x2 0000 0000 0000 0000 0000 0000 0000 0001 	
 x3 0000 0000 0000 0000 0000 0111 1111 1110 	
 x4 0000 0000 0000 0000 0000 0111 1111 1111 	
 x5 1111 1111 1111 1111 1111 1111 1111 1111 	
 x6 1111 1111 1111 1111 1111 1000 0000 0001 	
 x7 1111 1111 1111 1111 1111 1000 0000 0000 	
 x8 1111 1111 1111 1111 1111 1111 1111 1111 	
 x9 0000 0000 0000 0000 0000 0000 0000 0000 	
x10 0000 0000 0000 0000 0000 0111 1111 1101 	
x11 0000 0000 0000 0000 0000 0111 1111 1110 	
x12 1111 1111 1111 1111 1111 1111 1111 1110 	
x13 1111 1111 1111 1111 1111 1000 0000 0000 	
x14 1111 1111 1111 1111 1111 0111 1111 1111 	
x15 0000 0000 0000 0000 0000 0000 0000 0000 	
x16 0000 0000 0000 0000 0000 0000 0000 0010 	
x17 0000 0000 0000 0000 0000 1111 1111 1100 	
x18 0000 0000 0000 0000 0000 1111 1111 1110 	
x19 1111 1111 1111 1111 1111 1111 1111 1110 	
x20 1111 1111 1111 1111 1111 0000 0000 0010 	
x21 1111 1111 1111 1111 1111 0000 0000 0000 	
x22 1111 1111 1111 1111 1111 1111 1111 1111 	
x23 0000 0000 0000 0000 0000 0000 0000 0001 	
x24 0000 0000 0000 0000 0000 1111 1111 1011 	
x25 0000 0000 0000 0000 0000 1111 1111 1101 	
x26 1111 1111 1111 1111 1111 1111 1111 1101 	
x27 1111 1111 1111 1111 1111 0000 0000 0001 	
x28 1111 1111 1111 1111 1110 1111 1111 1111 	
x29 1111 1111 1111 1111 1111 1111 1111 1111 	
x30 1111 1111 1111 1111 1111 1111 1111 1111 	
x31 1111 1111 1111 1111 1111 1111 1111 1111 	
 PC 0000 0000 0000 0000 0000 0000 0111 0100 	

